version https://git-lfs.github.com/spec/v1
oid sha256:ca9cc2994aeaeea6566153859e0e73613789d4869c37031cb871e0ed1edd7ea3
size 1481
